time,num_threads,cpu_percent,mem_rss,mem_vms,io_read_count,io_read_bytes,io_write_count,io_write_bytes,child_process_count
1526615370.49,5,0.0,9621504,6406144,0,0,0,0,0
1526615371.52,38,87.9,103014400,85925888,303,526625,1,116,0
1526615372.54,38,3.1,103534592,85405696,474,701572,1,116,0
1526615373.57,37,1.5,103555072,85319680,474,701572,1,116,0
1526615374.6,37,0.0,103550976,85311488,474,701572,1,116,0
1526615375.62,37,24.6,103878656,86908928,474,701572,1,116,0
1526615376.64,37,0.0,103915520,86061056,474,701572,1,116,0
1526615377.66,34,0.0,103792640,85819392,474,701572,1,116,0
1526615378.68,34,0.0,103374848,85401600,474,701572,1,116,0
1526615379.72,33,0.0,102711296,84697088,474,701572,1,116,0
1526615380.74,33,0.0,102711296,84697088,474,701572,1,116,0
1526615381.76,33,0.0,102711296,84697088,474,701572,1,116,0
1526615382.79,33,0.0,102711296,84697088,474,701572,1,116,0
1526615383.82,33,0.0,102711296,84697088,474,701572,1,116,0
1526615384.85,33,0.0,102711296,84697088,474,701572,1,116,0
1526615385.88,33,0.0,102711296,84697088,474,701572,1,116,0
1526615386.91,33,0.0,102711296,84697088,474,701572,1,116,0
1526615387.94,33,0.0,102711296,84697088,474,701572,1,116,0
1526615388.97,33,0.0,102711296,84697088,474,701572,1,116,0
1526615390.0,33,0.0,102711296,84697088,474,701572,1,116,0
1526615391.03,33,0.0,102711296,84697088,474,701572,1,116,0
1526615392.06,33,0.0,102711296,84697088,474,701572,1,116,0
1526615393.09,33,0.0,102711296,84697088,474,701572,1,116,0
1526615394.11,33,0.0,102711296,84697088,474,701572,1,116,0
1526615395.13,33,0.0,102711296,84697088,474,701572,1,116,0
1526615396.16,33,0.0,102711296,84697088,474,701572,1,116,0
1526615397.19,33,0.0,102711296,84697088,474,701572,1,116,0
1526615398.22,33,0.0,102711296,84697088,474,701572,1,116,0
1526615399.23,33,6.1,102711296,84697088,474,701572,1,116,0
1526615400.27,33,6.1,102899712,84746240,474,701572,1,116,0
1526615401.29,33,19.8,118190080,85897216,474,701572,1,116,0
1526615402.32,32,30.3,122449920,101060608,474,701572,1,116,0
1526615403.34,37,47.6,146231296,104919040,512,722185,3,2716,0
1526615404.36,38,32.1,147775488,105279488,512,722185,3,2716,0
1526615405.39,37,12.2,147464192,105164800,512,722185,3,2716,0
1526615406.4,42,133.4,167661568,113815552,4896,4012263,311,1049377,0
1526615407.42,42,47.3,189063168,115646464,5890,5962509,646,2183150,0
1526615408.45,44,58.4,192618496,118063104,5928,5983122,648,2185750,0
1526615409.46,45,29.2,196771840,120164352,5932,5983463,652,2186038,0
1526615410.48,50,53.7,216010752,126353408,7328,6115148,652,2186038,0
1526615411.5,49,0.0,215842816,126144512,7328,6115148,652,2186038,0
1526615412.52,49,1.5,215461888,125755392,7328,6115148,652,2186038,0
1526615413.54,49,1.5,214831104,125112320,7328,6115148,652,2186038,0
1526615414.56,46,61.5,197046272,123338752,7405,6138926,652,2186038,0
1526615415.58,46,77.8,197918720,124493824,7445,6512278,652,2186038,0
1526615416.61,46,0.0,197922816,124493824,7445,6512278,652,2186038,0
1526615417.63,46,18.3,182755328,124588032,7445,6512278,652,2186038,0
1526615418.65,46,7.7,180436992,122871808,7445,6512278,652,2186038,0
1526615419.67,46,16.9,180809728,123297792,7445,6512278,652,2186038,0
1526615420.7,46,0.0,180809728,123297792,7445,6512278,652,2186038,0
1526615421.72,46,21.4,181092352,123584512,7445,6512278,652,2186038,0
1526615422.74,46,21.5,197476352,124837888,7468,6530905,652,2186038,0
1526615423.76,46,21.3,217116672,130924544,7468,6530905,652,2186038,0
1526615424.78,46,33.7,184483840,133844992,7468,6530905,652,2186038,0
1526615425.8,46,24.5,199905280,133677056,7468,6530905,652,2186038,0
1526615426.83,46,48.5,209297408,133201920,7491,6549532,652,2186038,0
1526615427.86,46,41.3,211660800,136908800,7641,6670253,652,2186038,0
1526615428.87,46,70.6,204705792,129388544,7730,6747189,652,2186038,0
1526615429.89,46,0.0,204705792,129388544,7730,6747189,652,2186038,0
1526615430.92,46,1.5,204718080,129388544,7730,6747189,652,2186038,0
1526615431.95,46,1.5,203722752,128348160,7730,6747189,652,2186038,0
1526615432.98,46,0.0,203722752,128348160,7730,6747189,652,2186038,0
1526615434.0,46,0.0,203722752,128348160,7730,6747189,652,2186038,0
1526615435.03,45,3.0,203644928,128233472,7730,6747189,652,2186038,0
1526615436.06,45,15.1,186404864,126218240,7730,6747189,652,2186038,0
1526615437.1,45,0.0,186404864,126218240,7730,6747189,652,2186038,0
1526615438.12,45,4.6,186499072,127430656,7736,6753845,652,2186038,0
